status_id,retweet_count,favorite_count
892420643555336193,7329,34932
892177421306343426,5472,30249
891815181378084864,3620,22764
891689557279858688,7521,38197
891327558926688256,8088,36472
891087950875897856,2712,18400
890971913173991426,1752,10704
890729181411237888,16439,58835
890609185150312448,3763,25326
890240255349198849,6359,28893
890006608113172480,6390,27876
889880896479866881,4336,25337
889665388333682689,8708,43477
889638837579907072,3890,24447
889531135344209921,1963,13776
889278841981685760,4632,22825
888917238123831296,3900,26428
888804989199671297,3693,23201
888554962724278272,3004,17885
888078434458587136,3030,19778
887705289381826560,4707,27501
887517139158093824,10248,42067
887473957103951883,15654,62226
887343217045368832,9176,30497
887101392804085760,5200,27838
886983233522544640,6648,31512
886736880519319552,2762,10836
886680336477933568,3900,20410
886366144734445568,2756,19161
886267009285017600,3,107
886258384151887873,5503,25382
886054160059072513,96,0
885984800019947520,5851,29557
885528943205470208,5567,32612
885518971528720385,3252,18584
885311592912609280,16094,0
885167619883638784,3811,19858
884925521741709313,15716,69702
884876753390489601,4866,25233
884562892145688576,4090,22045
884441805382717440,4963,24611
884247878851493888,17680,65663
884162670584377345,2609,18516
883838122936631299,2980,19828
883482846933004288,8610,41572
883360690899218434,3209,20579
883117836046086144,5777,33630
882992080364220416,3376,21679
882762694511734784,4258,25629
882627270321602560,5283,25445
882268110199369728,10080,40590
882045870035918850,4235,26584
881906580714921986,2964,22122
881666595344535552,9310,46012
881633300179243008,8,113
881536004380872706,13960,44881
881268444196462592,4636,21146
880935762899988482,2438,15532
880872448815771648,3329,19336
880465832366813184,5423,25806
880221127280381952,3618,24459
880095782870896641,3789,25093
879862464715927552,3037,20343
879674319642796034,10,287
879492040517615616,2763,21360
879415818425184262,38958,95960
879376492567855104,2739,15326
879130579576475649,5962,0
879050749262655488,4120,20485
879008229531029506,2339,17291
878776093423087618,3591,17649
878604707211726852,6178,27304
878404777348136964,1115,0
878316110768087041,5779,0
878281511006478336,1115,7017
878057613040115712,5962,38288
877736472329191424,16531,71815
877611172832227328,71,0
877556246731214848,3313,20626
877316821321428993,4556,24965
877201837425926144,4854,24633
876838120628539392,2920,18823
876537666061221889,4123,21657
876484053909872640,2074,17095
876120275196170240,4077,25497
875747767867523072,3746,22885
875144289856114688,4296,19984
875097192612077568,5341,25024
875021211251597312,4143,23276
874680097055178752,4075,25371
874434818259525634,12739,0
874296783580663808,3631,23778
874057562936811520,3503,20746
874012996292530176,8967,31138
873580283840344065,3460,22123
873337748698140672,1389,0
873213775632977920,1389,6544
872967104147763200,4749,24882
872820683541237760,3277,13476
872620804844003328,3207,18956
872486979161796608,8023,37260
872122724285648897,7150,31284
871879754684805121,9644,34286
871762521631449091,3075,18490
871515927908634625,3062,18461
871166179821445120,5057,0
871102520638267392,4869,19155
871032628920680449,3365,20821
870804317367881728,5468,30786
870726314365509632,3,110
870656317836468226,2303,11251
870374049280663552,23628,76309
870308999962521604,3678,20101
870063196459192321,7362,33457
869772420881756160,9025,39136
869702957897576449,5582,25865
869596645499047938,2757,14673
869227993411051520,3342,18740
868880397819494401,12786,59947
868639477480148993,1826,0
868622495443632128,4693,24413
868552278524837888,1826,9266
867900495410671616,3727,22283
867774946302451713,6528,31242
867421006826221569,2219,14788
867072653475098625,106,0
867051520902168576,7044,29619
866720684873056260,4298,18394
866686824827068416,3086,17728
866450705531457537,31527,112497
866334964761202691,12739,48168
866094527597207552,7491,0
865718153858494464,5043,23707
865359393868664832,4485,24407
865006731092295680,6937,25868
864873206498414592,7789,29738
864279568663928832,2704,13497
864197398364647424,7913,27629
863907417377173506,3727,19075
863553081350529029,3776,14091
863471782782697472,2169,0
863432100342583297,4729,21998
863427515083354112,84,2028
863079547188785154,999,8133
863062471531167744,2169,7785
862831371563274240,4630,17760
862722525377298433,3211,15848
862457590147678208,4434,18883
862096992088072192,20866,68588
861383897657036800,9684,33427
861288531465048066,3739,15908
861005113778896900,3462,15499
860981674716409858,1934,0
860924035999428608,707,0
860563773140209665,1934,6952
860524505164394496,4795,21980
860276583193509888,3189,17117
860184849394610176,5320,15476
860177593139703809,27984,0
859924526012018688,3721,18244
859851578198683649,3201,14393
859607811541651456,1409,17367
859196978902773760,27379,83452
859074603037188101,12438,31452
858860390427611136,7386,0
858843525470990336,3162,14575
858471635011153920,4441,20149
858107933456039936,2642,14702
857989990357356544,2361,14993
857746408056729600,9726,31925
857393404942143489,1495,5500
857263160327368704,4138,18818
857214891891077121,16,210
857062103051644929,154,0
857029823797047296,3644,17631
856543823941562368,2647,15341
856526610513747968,1727,11155
856330835276025856,615,0
856288084350160898,15,487
856282028240666624,5790,26034
855862651834028034,22,312
855860136149123072,894,4596
855857698524602368,1942,11182
855851453814013952,16710,43175
855818117272018944,5006,25072
855459453768019968,7587,27998
855245323840757760,5500,0
855138241867124737,39,0
854732716440526848,5608,21416
854482394044301312,6301,27503
854365224396361728,4341,17797
854120357044912130,6915,30176
854010172552949760,2919,15341
853760880890318849,5348,26970
853639147608842240,9287,32704
853299958564483072,3299,14651
852936405516943360,1853,0
852912242202992640,1676,8519
852672615818899456,2012,14139
852553447878664193,3248,15414
852311364735569921,9258,31387
852226086759018497,6365,18929
852189679701164033,1479,10897
851861385021730816,19,0
851591660324737024,3250,15470
851464819735769094,6595,23048
851224888060895234,5388,19688
850753642995093505,8469,29195
850380195714523136,2435,12478
850333567704068097,308,3291
850145622816686080,3541,15535
850019790995546112,4563,19439
849776966551130114,7121,28935
849668094696017920,4649,0
849412302885593088,2956,15159
849336543269576704,1768,10896
849051919805034497,7954,40395
848690551926992896,4076,24075
848324959059550208,4346,23623
848213670039564288,675,7808
848212111729840128,2836,15588
847978865427394560,3064,0
847971574464610304,415,0
847962785489326080,4788,22488
847842811428974592,1239,5180
847617282490613760,388,6682
847606175596138505,3229,17958
847251039262605312,4086,19625
847157206088847362,5499,18989
847116187444137987,3003,20557
846874817362120707,3703,19242
846514051647705089,10872,42658
846505985330044928,2897,13532
846153765933735936,8523,30215
846139713627017216,9542,29757
846042936437604353,2700,15321
845812042753855489,8203,28009
845677943972139009,4553,24192
845397057150107648,1683,7321
845306882940190720,5076,22385
845098359547420673,7224,0
844979544864018432,2408,13103
844973813909606400,2990,14419
844580511645339650,2940,15801
844223788422217728,2069,13139
843981021012017153,2804,14608
843856843873095681,4364,20659
843604394117681152,2587,16235
843235543001513987,5671,20686
842846295480000512,3448,14713
842765311967449089,1204,6481
842535590457499648,3331,17466
842163532590374912,5500,23526
842115215311396866,2874,13473
841833993020538882,14218,0
841680585030541313,7447,24857
841439858740625411,3476,12150
841320156043304961,5251,19094
841314665196081154,4405,15266
841077006473256960,5057,22052
840761248237133825,1674,0
840728873075638272,15239,0
840698636975636481,2,172
840696689258311684,921,11856
840632337062862849,1674,8688
840370681858686976,4333,15869
840268004936019968,5454,18565
839990271299457024,2161,12958
839549326359670784,7386,26468
839290600511926273,137,0
839239871831150596,6204,26155
838952994649550848,3820,18993
838921590096166913,1945,10768
838916489579200512,32,0
838831947270979586,10501,0
838561493054533637,1269,10610
838476387338051585,4528,21726
838201503651401729,9582,0
838150277551247360,318,1609
838085839343206401,1,135
838083903487373313,2969,17061
837820167694528512,7491,32950
837482249356513284,424,3740
837471256429613056,2157,12387
837110210464448512,2258,15549
836989968035819520,2198,12355
836753516572119041,4435,18757
836677758902222849,2122,12232
836648853927522308,530,0
836397794269200385,26278,0
836380477523124226,2868,14332
836260088725786625,4130,20662
836001077879255040,4082,18470
835685285446955009,7784,0
835574547218894849,3454,17261
835536468978302976,1612,0
835309094223372289,20030,0
835297930240217089,2857,15975
835264098648616962,1612,7482
835246439529840640,68,2045
835172783151792128,5512,25387
835152434251116546,2872,21704
834931633769889797,1554,10457
834786237630337024,5301,20824
834574053763584002,2412,13239
834477809192075265,10194,0
834458053273591808,1605,9336
834209720923721728,4537,19936
834167344700198914,3523,15368
834089966724603904,2049,9744
834086379323871233,2115,12682
833863086058651648,2307,13056
833826103416520705,3607,17611
833732339549220864,212,0
833722901757046785,3109,20287
833479644947025920,1955,14458
833124694597443584,4649,19645
832998151111966721,2111,12873
832769181346996225,38,0
832757312314028032,3476,16386
832682457690300417,2802,11534
832645525019123713,513,2843
832636094638288896,2671,15432
832397543355072512,2125,11637
832369877331693569,3064,16683
832273440279240704,2240,11031
832215909146226688,5981,0
832215726631055365,8955,0
832088576586297345,2,61
832040443403784192,9209,0
832032802820481025,4486,17357
831939777352105988,5899,23313
831926988323639298,34,325
831911600680497154,6248,26781
831670449226514432,1745,10149
831650051525054464,1853,6922
831552930092285952,2247,8730
831322785565769729,1493,9036
831315979191906304,1075,6356
831309418084069378,2374,11443
831262627380748289,1973,11561
830956169170665475,1432,7764
830583320585068544,16094,64854
830173239259324417,5458,0
830097400375152640,2822,9498
829878982036299777,4809,0
829861396166877184,1867,11929
829501995190984704,10194,30889
829449946868879360,1936,10193
829141528400556032,7066,23708
829011960981237760,15782,51935
828801551087042563,3298,0
828770345708580865,5638,24901
828708714936930305,10792,35522
828650029636317184,1292,9271
828409743546925057,1116,6200
828408677031882754,1242,7500
828381636999917570,2145,12275
828376505180889089,1032,7205
828372645993398273,2824,12264
828361771580813312,171,2127
828046555563323392,2759,11437
828011680017821696,2084,10097
827933404142436356,5059,19544
827653905312006145,2915,15112
827600520311402496,905,7287
827324948884643840,2918,15429
827199976799354881,2143,10309
826958653328592898,4809,21015
826848821049180160,9779,35269
826615380357632002,3842,0
826598799820865537,241,5004
826598365270007810,2267,9754
826476773533745153,4044,17934
826240494070030336,2519,12949
826204788643753985,884,4752
826115272272650244,2999,15260
825876512159186944,1793,10229
825829644528148480,2420,12442
825535076884762624,17000,55678
825147591692263424,4379,17845
825120256414846976,1208,0
825026590719483904,1208,6118
824796380199809024,5332,0
824775126675836928,3387,14562
824663926340194305,1706,10270
824325613288833024,10259,11547
824297048279236611,3721,14689
824025158776213504,581,4716
823939628516474880,2630,10399
823719002937630720,10803,0
823699002998870016,2435,13645
823581115634085888,2535,12710
823333489516937216,22,688
823322678127919110,3877,15359
823269594223824897,9578,0
822975315408461824,3336,16929
822872901745569793,41736,128435
822859134160621569,2197,12918
822647212903690241,6190,0
822610361945911296,2840,14462
822489057087389700,6190,17724
822462944365645825,13782,27260
822244816520155136,9578,34197
822163064745328640,4587,0
821886076407029760,2236,11059
821813639212650496,3261,0
821765923262631936,1612,8203
821522889702862852,1695,7857
821421320206483457,5385,0
821407182352777218,4179,11479
821153421864615936,10,247
821149554670182400,1890,8416
821107785811234820,2063,9388
821044531881721856,2209,12389
820837357901512704,6503,0
820749716845686786,9582,30872
820690176645140481,3133,11981
820494788566847489,547,0
820446719150292993,2484,0
820314633777061888,547,3274
820078625395449857,6092,19352
820013781606658049,1136,0
819952236453363712,1136,5201
819924195358416896,4731,12650
819711362133872643,3018,13088
819588359383371776,1939,9451
819347104292290561,1172,7074
819238181065359361,397,2206
819227688460238848,6503,22546
819015337530290176,35970,0
819015331746349057,18520,0
819006400881917954,18520,44457
819004803107983360,35970,85319
818646164899774465,20315,0
818627210458333184,7336,21947
818614493328580609,2451,9632
818588835076603904,5943,0
818536468981415936,2375,10626
818307523543449600,7820,0
818259473185828864,2187,10766
818145370475810820,2477,12020
817908911860748288,771,4754
817827839487737858,26278,50447
817777686764523521,2605,10532
817536400337801217,2858,11527
817502432452313088,3292,0
817423860136083457,14218,33054
817415592588222464,925,5480
817181837579653120,8199,0
817171292965273600,1964,8593
817120970343411712,2519,11956
817056546584727552,1592,8420
816829038950027264,4572,0
816816676327063552,1970,9791
816697700272001025,2133,9579
816450570814898180,7820,29738
816336735214911488,1891,8430
816091915477250048,2071,8764
816062466425819140,985,0
816014286006976512,5101,0
815990720817401858,985,4843
815966073409433600,8199,21919
815745968457060357,4017,0
815736392542261248,2210,9656
815639385530101762,1605,8058
815390420867969024,3706,10155
814986499976527872,1241,7509
814638523311648768,2631,11061
814578408554463233,5676,0
814530161257443328,1820,8477
814153002265309185,8439,28176
813944609378369540,3103,0
813910438903693312,1810,9139
813812741911748608,13603,35793
813800681631023104,1710,8166
813217897535406080,7120,18283
813202720496779264,1773,9071
813187593374461952,4232,19497
813172488309972993,1885,9103
813157409116065792,2144,7611
813142292504645637,2333,8342
813130366689148928,434,4411
813127251579564032,3032,11585
813112105746448384,2664,10120
813096984823349248,3535,10373
813081950185472002,2718,9715
813066809284972545,1900,7789
813051746834595840,7177,20571
812781120811126785,1854,7403
812709060537683968,1408,6503
812503143955202048,1191,5952
812466873996607488,1877,7829
812372279581671427,3572,13414
811985624773361665,1365,7139
811744202451197953,1550,7399
811647686436880384,719,5502
811627233043480576,2981,12501
811386762094317568,6233,20564
810984652412424192,1390,5216
810896069567610880,1719,8844
810657578271330305,2565,10771
810284430598270976,10958,34562
810254108431155201,3298,14453
809920764300447744,3842,15300
809808892968534016,4785,0
809448704142938112,1426,6831
809220051211603969,5458,19554
809084759137812480,3442,13003
808838249661788160,2971,9951
808733504066486276,2109,7764
808501579447930884,2548,11118
808344865868283904,20315,41733
808134635716833280,5768,0
808106460588765185,2154,8669
808001312164028416,3459,12309
807621403335917568,3528,14349
807106840509214720,53978,115947
807059379405148160,7155,0
807010152071229440,3785,12906
806629075125202948,33783,73258
806620845233815552,5400,0
806576416489959424,1914,4811
806542213899489280,2302,10043
806242860592926720,11350,0
806219024703037440,1169,6357
805958939288408065,5240,0
805932879469572096,1883,8165
805826884734976000,1780,6464
805823200554876929,7810,0
805520635690676224,1623,5662
805487436403003392,2475,8670
805207613751304193,1686,7719
804738756058218496,3739,13459
804475857670639616,1970,6041
804413760345620481,3156,0
804026241225523202,15734,43661
803773340896923648,2684,9892
803692223237865472,7272,0
803638050916102144,4056,10777
803380650405482500,1835,7642
803321560782307329,5187,0
803276597545603072,2404,9871
802952499103731712,1953,8882
802624713319034886,2835,0
802600418706604034,1423,6994
802572683846291456,2458,8813
802323869084381190,5715,15913
802265048156610565,1345,6832
802239329049477120,2568,8946
802185808107208704,268,0
801958328846974976,1676,7640
801854953262350336,234,1769
801538201127157760,2026,8099
801285448605831168,804,5939
801167903437357056,5768,24030
801127390143516673,3867,0
801115127852503040,2056,7943
800859414831898624,96,679
800855607700029440,1569,0
800751577355128832,2740,10410
800513324630806528,2937,12954
800459316964663297,2132,9361
800443802682937345,4205,0
800388270626521089,2752,10987
800188575492947969,3846,0
800141422401830912,2484,15029
800018252395122689,12839,27866
799774291445383169,4559,0
799757965289017345,2107,8256
799422933579902976,1886,7943
799308762079035393,5335,0
799297110730567681,2687,9717
799063482566066176,2428,7959
798933969379225600,4362,12858
798925684722855936,1413,7397
798705661114773508,6500,0
798701998996647937,7588,0
798697898615730177,6382,0
798694562394996736,4847,0
798686750113755136,2274,0
798682547630837760,4645,0
798673117451325440,5448,0
798665375516884993,3832,0
798644042770751489,1806,0
798628517273620480,1935,0
798585098161549313,5543,0
798576900688019456,5717,0
798340744599797760,3258,0
798209839306514432,2501,10251
797971864723324932,3034,11393
797545162159308800,4780,14337
797236660651966464,6418,19608
797165961484890113,26,223
796904159865868288,8729,0
796865951799083009,1886,7560
796759840936919040,2966,11616
796563435802726400,7058,0
796484825502875648,1718,7444
796387464403357696,4062,10828
796177847564038144,13958,0
796149749086875649,13958,31712
796125600683540480,1759,4898
796116448414461957,2353,8946
796080075804475393,2255,8322
796031486298386433,3646,10634
795464331001561088,23005,48646
795400264262053889,2796,9860
795076730285391872,5332,15934
794983741416415232,3292,0
794926597468000259,2263,10052
794355576146903043,10053,0
794332329137291264,2625,9454
794205286408003585,3251,9096
793962221541933056,4785,16546
793845145112371200,1814,9087
793614319594401792,3064,0
793601777308463104,1582,7854
793500921481273345,2326,10497
793286476301799424,8955,24181
793271401113350145,2345,8561
793256262322548741,8165,19661
793241302385262592,3228,10344
793226087023144960,2816,9650
793210959003287553,2735,8777
793195938047070209,5497,15004
793180763617361921,1952,6833
793165685325201412,2722,9231
793150605191548928,1662,6079
793135492858580992,2451,6299
793120401413079041,3822,12447
792913359805018113,3883,14072
792883833364439040,4168,11101
792773781206999040,1640,7234
792394556390137856,4206,13187
792050063153438720,1747,7018
791821351946420224,20624,0
791784077045166082,9331,0
791780927877898241,3736,0
791774931465953280,21658,44324
791672322847637504,3064,11560
791406955684368384,4017,12932
791312159183634433,2472,8615
791026214425268224,3996,0
790987426131050500,2084,9643
790946055508652032,4572,16387
790723298204217344,2256,0
790698755171364864,1879,8065
790581949425475584,6937,20297
790337589677002753,1849,7703
790277117346975746,3103,12347
790227638568808452,3474,0
789986466051088384,2256,9104
789960241177853952,4008,0
789903600034189313,4046,10163
789628658055020548,1726,7351
789599242079838210,1879,6624
789530877013393408,3292,11528
789314372632018944,2236,8482
789280767834746880,4802,0
789268448748703744,2556,8954
789137962068021249,2718,9539
788908386943430656,12188,26949
788765914992902144,10053,26847
788552643979468800,6975,0
788412144018661376,5138,15262
788178268662984705,2045,7114
788150585577050112,1251,6013
788070120937619456,3358,0
788039637453406209,1281,6018
787810552592695296,2978,8472
787717603741622272,2706,10084
787397959788929025,2782,10707
787322443945877504,1699,7658
787111942498508800,6579,0
786963064373534720,7784,26158
786729988674449408,2378,0
786709082849828864,5981,17949
786664955043049472,2471,10388
786595970293370880,3056,9304
786363235746385920,3380,10685
786286427768250368,2760,7826
786233965241827333,4587,14955
786051337297522688,153,1397
786036967502913536,6803,0
785927819176054784,3112,11184
785872687017132033,1756,6579
785639753186217984,2182,7728
785533386513321988,1941,8924
785515384317313025,1221,6011
785264754247995392,1588,7130
785170936622350336,4711,11804
784826020293709826,3156,9910
784517518371221505,2461,8817
784431430411685888,1236,5619
784183165795655680,7810,19664
784057939640352768,10803,29158
783839966405230592,10501,29391
783821107061198850,1911,7228
783695101801398276,3125,10255
783466772167098368,2170,8275
783391753726550016,5314,16558
783347506784731136,5389,0
783334639985389568,11350,28512
783085703974514689,2132,8003
782969140009107456,7155,23651
782747134529531904,1374,7318
782722598790725632,5240,16916
782598640137187329,1829,7645
782305867769217024,5385,16309
782021823840026624,6018,0
781955203444699136,3272,10922
781661882474196992,2639,10227
781655249211752448,1104,3911
781524693396357120,5400,20326
781308096455073793,2486,6997
781251288990355457,2010,8226
781163403222056960,2682,9602
780931614150983680,7058,21185
780858289093574656,1955,7050
780800785462489090,1256,5363
780601303617732608,3261,11840
780543529827336192,1697,6159
780496263422808064,3563,0
780476555013349377,109,0
780459368902959104,1043,5174
780192070812196864,2177,8506
780092040432480260,2230,0
780074436359819264,4798,11864
779834332596887552,6803,18442
779377524342161408,3009,8565
779124354206535695,17729,0
779056095788752897,4382,14420
778990705243029504,6962,19477
778774459159379968,9574,0
778764940568104960,353,843
778748913645780993,1265,6711
778650543019483137,1448,5619
778624900596654080,980,4500
778408200802557953,4173,13314
778396591732486144,11835,0
778383385161035776,1063,5683
778286810187399168,3200,10125
778039087836069888,2562,8293
778027034220126208,1555,6396
777953400541634568,3413,0
777885040357281792,1579,6215
777684233540206592,2835,10971
777641927919427584,4091,0
777621514455814149,2435,8519
777189768882946048,4183,13885
776819012571455488,13256,0
776813020089548800,1167,4772
776477788987613185,2678,8595
776249906839351296,8827,0
776218204058357768,15329,29124
776201521193218049,2441,9344
776113305656188928,4205,11494
776088319444877312,146,1788
775898661951791106,16235,0
775842724423557120,2575,11417
775733305207554048,3867,13551
775729183532220416,4466,12684
775364825476165632,2853,7208
775350846108426240,3780,9906
775085132600442880,4559,15155
774757898236878852,1727,8400
774639387460112384,1677,6575
774314403806253056,5335,21244
773985732834758656,3730,10476
773922284943896577,1691,6250
773704687002451968,1563,6440
773670353721753600,1267,5214
773547596996571136,5943,21557
773336787167145985,4878,0
773308824254029826,7224,22734
773247561583001600,3152,9227
773191612633579521,4002,9758
772877495989305348,3743,8342
772826264096874500,2284,7835
772615324260794368,3272,0
772581559778025472,1651,6325
772193107915964416,1338,5860
772152991789019136,1102,3713
772117678702071809,716,3667
772114945936949249,457,2665
772102971039580160,904,3902
771908950375665664,1821,6389
771770456517009408,3258,11691
771500966810099713,2521,8058
771380798096281600,4878,10230
771171053431250945,7186,0
771136648247640064,2830,8910
771102124360998913,1388,6062
771014301343748096,1602,6725
770787852854652928,1162,4804
770772759874076672,1369,5053
770655142660169732,1726,7165
770414278348247044,2021,6162
770293558247038976,1415,6054
770093767776997377,2939,0
770069151037685760,2217,7392
769940425801170949,9209,30413
769695466921623552,1629,6259
769335591808995329,7468,0
769212283578875904,1658,5250
768970937022709760,6269,13903
768909767477751808,2582,0
768855141948723200,859,4073
768609597686943744,1158,3998
768596291618299904,1236,4905
768554158521745409,5630,0
768473857036525572,3293,13242
768193404517830656,3413,10583
767884188863397888,1329,4632
767754930266464257,5187,15559
767500508068192258,2261,7297
767191397493538821,3623,11955
767122157629476866,2756,9911
766864461642756096,5414,0
766793450729734144,1315,4905
766714921925144576,362,2535
766693177336135680,771,3905
766423258543644672,1527,5843
766313316352462849,1815,6595
766078092750233600,2530,0
766069199026450432,817,4105
766008592277377025,481,3655
765719909049503744,2090,7043
765669560888528897,1190,5043
765395769549590528,3273,25985
765371061932261376,2093,6875
765222098633691136,3272,11324
764857477905154048,1721,6280
764259802650378240,1449,5844
763956972077010945,52,744
763837565564780549,3996,12203
763183847194451968,1423,5213
763167063695355904,2899,0
763103485927849985,2225,7163
762699858130116608,3474,11774
762471784394268675,6175,10905
762464539388485633,4008,9995
762316489655476224,1076,4650
762035686371364864,14937,30894
761976711479193600,1923,5246
761750502866649088,3763,0
761745352076779520,834,4159
761672994376806400,27984,47925
761599872357261312,1147,4005
761371037149827077,17401,0
761334018830917632,1403,5028
761292947749015552,1051,4357
761227390836215808,1514,5185
761004547850530816,3358,11021
760893934457552897,930,3707
760656994973933572,1839,6394
760641137271070720,1246,4829
760539183865880579,3492,7344
760521673607086080,1345,4088
760290219849637889,11046,25987
760252756032651264,839,3831
760190180481531904,1731,5530
760153949710192640,30,0
759943073749200896,2005,5762
759923798737051648,5414,14229
759846353224826880,1897,6536
759793422261743616,1840,5781
759557299618865152,1150,4547
759447681597108224,2378,8243
759446261539934208,468,1621
759197388317847553,1878,5904
759159934323924993,1114,0
759099523532779520,3993,14069
759047813560868866,1928,6280
758854675097526272,872,3443
758828659922702336,3703,10865
758740312047005698,1561,5566
758474966123810816,958,3679
758467244762497024,2129,4646
758405701903519748,1837,5046
758355060040593408,1022,3268
758099635764359168,9574,18421
758041019896193024,358,2620
757741869644341248,3147,6658
757729163776290825,7591,0
757725642876129280,1166,4405
757611664640446465,1052,4430
757597904299253760,288,0
757596066325864448,1019,4212
757400162377592832,6573,14662
757393109802180609,1665,5633
757354760399941633,1361,4375
756998049151549440,1910,6079
756939218950160384,1922,6431
756651752796094464,1245,4884
756526248105566208,3448,10077
756303284449767430,1064,3815
756288534030475264,17030,42695
756275833623502848,1472,6179
755955933503782912,2755,7078
755206590534418437,5135,15916
755110668769038337,10663,20494
754874841593970688,7587,0
754856583969079297,2410,6674
754747087846248448,499,2506
754482103782404096,1878,5119
754449512966619136,705,3618
754120377874386944,2258,7633
753655901052166144,2090,5645
753420520834629632,3407,7610
753398408988139520,1820,5547
753375668877008896,2230,7388
753298634498793472,5455,0
753294487569522689,1000,3251
753039830821511168,20030,35879
753026973505581056,918,3794
752932432744185856,6579,12196
752917284578922496,1510,6717
752701944171524096,2751,0
752682090207055872,1528,5820
752660715232722944,1499,4233
752568224206688256,2182,5311
752519690950500352,3303,7119
752334515931054080,1058,3696
752309394570878976,15538,0
752173152931807232,1756,5762
751950017322246144,874,2963
751937170840121344,1261,5017
751830394383790080,1871,5630
751793661361422336,2778,5608
751598357617971201,2928,7696
751583847268179968,1053,4245
751538714308972544,1201,4871
751456908746354688,962,3106
751251247299190784,5621,12120
751205363882532864,1740,6117
751132876104687617,1245,4897
750868782890057730,1307,4616
750719632563142656,4802,12719
750506206503038976,1103,4290
750429297815552001,4091,12744
750383411068534784,1094,4403
750381685133418496,27,672
750147208377409536,923,3007
750132105863102464,1237,3498
750117059602808832,1257,4195
750101899009982464,809,2943
750086836815486976,514,2101
750071704093859840,3176,7548
750056684286914561,865,3059
750041628174217216,585,3063
750026558547456000,754,2629
750011400160841729,867,3121
749996283729883136,786,2956
749981277374128128,2373,4938
749774190421639168,1272,4515
749417653287129088,1574,5899
749403093750648834,506,2519
749395845976588288,3290,8273
749317047558017024,2145,5293
749075273010798592,1985,5558
749064354620928000,1467,4647
749036806121881602,762,2994
748977405889503236,3256,10398
748932637671223296,2153,5595
748705597323898880,918,2684
748699167502000129,1521,4581
748692773788876800,1282,4093
748575535303884801,1905,5856
748568946752774144,646,2126
748346686624440324,1183,5033
748337862848962560,3926,7338
748324050481647620,724,3563
748307329658011649,684,3567
748220828303695873,7426,13642
747963614829678593,2048,5572
747933425676525569,2447,6379
747885874273214464,928,2824
747844099428986880,715,2720
747816857231626240,1113,4665
747651430853525504,147,1319
747648653817413632,5569,12419
747600769478692864,540,2255
747594051852075008,1000,3540
747512671126323200,1542,5328
747461612269887489,1001,3739
747439450712596480,1833,5218
747242308580548608,2771,0
747219827526344708,1491,5067
747204161125646336,868,3232
747103485104099331,3789,9191
746906459439529985,283,2796
746872823977771008,2040,5773
746818907684614144,1666,5124
746790600704425984,1528,4695
746757706116112384,3736,9202
746726898085036033,1718,5832
746542875601690625,1814,4857
746521445350707200,938,0
746507379341139972,1039,4481
746369468511756288,1560,5982
746131877086527488,2093,6633
746056683365994496,780,3440
745789745784041472,1017,3846
745712589599014916,2221,6745
745433870967832576,2431,6796
745422732645535745,2309,8245
745314880350101504,2617,6875
745074613265149952,3330,7546
745057283344719872,2145,6972
744995568523612160,587,2856
744971049620602880,2560,7579
744709971296780288,1494,5391
744334592493166593,2007,6508
744234799360020481,74043,150091
744223424764059648,345,1591
743980027717509120,1049,4019
743895849529389061,926,3519
743835915802583040,1970,0
743609206067040256,1328,4301
743595368194129920,6223,17622
743545585370791937,903,3400
743510151680958465,3558,7633
743253157753532416,1169,4076
743222593470234624,1830,5960
743210557239623680,1303,3692
742534281772302336,3411,6792
742528092657332225,1870,4247
742465774154047488,3744,6973
742423170473463808,3562,9441
742385895052087300,1871,6540
742161199639494656,1301,4134
742150209887731712,1472,4897
741793263812808706,1431,4373
741743634094141440,2613,7841
741438259667034112,780,3548
741303864243200000,3062,8426
741099773336379392,5266,9595
741067306818797568,2939,9169
740995100998766593,2583,6088
740711788199743490,900,3258
740699697422163968,745,2732
740676976021798912,6500,17420
740373189193256964,12681,33661
740365076218183684,408,2360
740359016048689152,822,3149
740214038584557568,1871,6417
739979191639244800,5630,19159
739932936087216128,1029,3895
739844404073074688,817,3646
739623569819336705,1294,3617
739606147276148736,1576,5188
739544079319588864,20159,37835
739485634323156992,2774,6844
739238157791694849,55178,111064
738891149612572673,6,101
738885046782832640,1093,3623
738883359779196928,754,3159
738537504001953792,1462,4874
738402415918125056,784,3131
738184450748633089,1157,4137
738166403467907072,3174,8390
738156290900254721,612,2397
737826014890496000,1684,5046
737800304142471168,3302,9586
737678689543020544,1253,4818
737445876994609152,4233,9810
737322739594330112,771,3450
737310737551491075,7048,14036
736736130620620800,1634,4060
736392552031657984,6975,16954
736365877722001409,1177,3813
736225175608430592,2657,7765
736010884653420544,2814,7552
735991953473572864,1087,3431
735648611367784448,1049,3880
735635087207878657,2241,5907
735274964362878976,4762,12494
735256018284875776,837,3193
735137028879360001,925,2995
734912297295085568,506,2638
734787690684657664,5991,11996
734776360183431168,509,2402
734559631394082816,376,1426
733828123016450049,743,3425
733822306246479872,975,3518
733482008106668032,899,2984
733460102733135873,1202,4001
733109485275860992,16235,51152
732732193018155009,509,2327
732726085725589504,847,3411
732585889486888962,744,3496
732375214819057664,2384,7745
732005617171337216,5101,14219
731285275100512256,948,3355
731156023742988288,1205,3669
730924654643314689,1878,5880
730573383004487680,2023,4666
730427201120833536,987,3334
730211855403241472,1007,3646
730196704625098752,1783,4630
729854734790754305,1062,3856
729838605770891264,358,1655
729823566028484608,1179,3801
729463711119904772,2202,5528
729113531270991872,302,1795
728986383096946689,777,3008
728760639972315136,1618,4457
728751179681943552,647,2644
728653952833728512,992,3173
728409960103686147,1897,4692
728387165835677696,912,3555
728046963732717569,1139,4103
728035342121635841,1581,4345
728015554473250816,1042,3946
727685679342333952,606,2840
727644517743104000,1661,5609
727524757080539137,1151,4273
727314416056803329,708,3186
727286334147182592,782,2928
727175381690781696,1319,3740
727155742655025152,1259,3460
726935089318363137,2312,6573
726887082820554753,1437,3676
726828223124897792,955,3415
726224900189511680,1087,4234
725842289046749185,2530,6787
725786712245440512,1303,3985
725729321944506368,1682,4978
725458796924002305,580,1354
724983749226668032,1228,3576
724771698126512129,600,2233
724405726123311104,1584,5051
724049859469295616,1692,4147
724046343203856385,529,2541
724004602748780546,1460,4000
723912936180330496,1171,3725
723688335806480385,2770,7314
723673163800948736,842,2898
723179728551723008,1767,5063
722974582966214656,1486,3921
722613351520608256,1552,4766
721503162398597120,1729,4407
721001180231503872,583,2421
720785406564900865,727,2956
720775346191278080,625,2348
720415127506415616,1424,3959
720389942216527872,2373,6089
720340705894408192,925,2740
720059472081784833,1063,3686
720043174954147842,1909,4722
719991154352222208,1651,4629
719704490224398336,1352,4340
719551379208073216,1801,4832
719367763014393856,711,2675
719339463458033665,1170,4257
719332531645071360,900,3289
718971898235854848,1025,3326
718939241951195136,1658,5019
718631497683582976,7588,18036
718613305783398402,455,2332
718540630683709445,962,2325
718460005985447936,499,2577
718454725339934721,1432,4641
718246886998687744,469,1826
718234618122661888,941,3696
717841801130979328,565,2345
717790033953034240,1040,2729
717537687239008257,1748,5538
717428917016076293,426,1545
717421804990701568,794,3009
717047459982213120,1823,6008
717009362452090881,912,3094
716802964044845056,1106,4104
716791146589110272,1503,7875
716730379797970944,410,1178
716447146686459905,5561,12488
716439118184652801,200,2286
716285507865542656,997,2659
716080869887381504,1809,6491
715928423106027520,835,3054
715758151270801409,1360,3553
715733265223708672,1608,4475
715704790270025728,544,2656
715696743237730304,1226,3746
715680795826982913,1518,4102
715360349751484417,1488,5231
715342466308784130,652,2918
715220193576927233,614,2318
715200624753819648,1768,4927
715009755312439296,1162,3972
714982300363173890,985,3564
714962719905021952,4027,7024
714957620017307648,1343,3968
714631576617938945,944,3131
714606013974974464,878,3478
714485234495041536,1073,2548
714258258790387713,696,2908
714251586676113411,792,3130
714214115368108032,830,2185
714141408463036416,1334,4137
713919462244790272,755,3154
713909862279876608,517,1817
713900603437621249,696,2721
713761197720473600,1297,4653
713411074226274305,1241,4245
713177543487135744,2726,6910
713175907180089344,1398,4261
712809025985978368,6383,18227
712717840512598017,4711,11783
712668654853337088,1149,3981
712438159032893441,1487,5082
712309440758808576,25,226
712097430750289920,983,3617
712092745624633345,850,2821
712085617388212225,465,3131
712065007010385924,593,2160
711998809858043904,123,0
711968124745228288,2194,7702
711743778164514816,945,2720
711732680602345472,3876,8418
711694788429553666,17401,31422
711652651650457602,862,3692
711363825979756544,1078,3471
711306686208872448,705,3160
711008018775851008,581,2866
710997087345876993,1322,4385
710844581445812225,647,2439
710833117892898816,504,2569
710658690886586372,534,2219
710609963652087808,2272,4591
710588934686908417,1767,4346
710296729921429505,701,2278
710283270106132480,496,2069
710272297844797440,1189,4332
710269109699739648,1064,2292
710153181850935296,852,2792
710140971284037632,842,2636
710117014656950272,1882,5220
709918798883774466,1032,3350
709901256215666688,98,639
709852847387627521,1143,3356
709566166965075968,1137,3390
709556954897764353,1018,3135
709519240576036864,226,1432
709449600415961088,541,2110
709409458133323776,647,2527
709225125749587968,543,2303
709207347839836162,5469,11959
709198395643068416,610,2354
709179584944730112,640,1929
709158332880297985,392,1952
709042156699303936,1550,4528
708853462201716736,627,1727
708845821941387268,853,2849
708834316713893888,475,1619
708810915978854401,6555,15785
708738143638450176,778,2646
708711088997666817,681,2427
708479650088034305,645,2440
708469915515297792,775,2972
708400866336894977,9535,15234
708356463048204288,1254,3429
708349470027751425,704,2256
708149363256774660,1480,4127
708130923141795840,815,3243
708119489313951744,936,2578
708109389455101952,531,1876
708026248782585858,1833,4217
707995814724026368,1073,2994
707983188426153984,2,49
707969809498152960,914,2577
707776935007539200,912,3145
707741517457260545,583,2385
707738799544082433,2332,3899
707693576495472641,952,3251
707629649552134146,826,2458
707610948723478529,6018,16260
707420581654872064,663,2158
707411934438625280,569,2202
707387676719185920,1210,3347
707377100785885184,1030,3125
707315916783140866,602,2375
707297311098011648,743,2674
707059547140169728,643,2486
707038192327901184,749,2094
707021089608753152,1288,3908
707014260413456384,569,2219
706904523814649856,7468,13977
706901761596989440,552,1960
706681918348251136,930,3164
706644897839910912,1040,2455
706593038911545345,603,2072
706538006853918722,1363,3340
706516534877929472,980,2993
706346369204748288,881,3308
706310011488698368,7500,20357
706291001778950144,454,1637
706265994973601792,886,2623
706169069255446529,2107,3740
706166467411222528,1522,4943
706153300320784384,364,1417
705975130514706432,693,2973
705970349788291072,852,3044
705898680587526145,527,2279
705786532653883392,493,1853
705591895322394625,1095,3042
705475953783398401,870,2847
705442520700944385,1527,4220
705428427625635840,1591,3654
705239209544720384,720,2872
705223444686888960,760,2480
705102439679201280,492,2052
705066031337840642,583,2098
704871453724954624,1068,4102
704859558691414016,504,2157
704847917308362754,1443,4866
704819833553219584,932,2535
704761120771465216,2771,6368
704499785726889984,953,2787
704491224099647488,74,716
704480331685040129,1024,3259
704364645503647744,3383,7645
704347321748819968,334,1512
704134088924532736,434,1442
704113298707505153,546,1783
704054845121142784,877,2802
703774238772166656,434,1774
703769065844768768,1086,3129
703631701117943808,637,2462
703611486317502464,1455,3688
703425003149250560,1295,3644
703407252292673536,662,2342
703382836347330562,1089,3360
703356393781329922,369,1840
703268521220972544,518,1901
703079050210877440,2934,7093
703041949650034688,11835,25247
702932127499816960,684,2476
702899151802126337,428,1535
702684942141153280,1015,3099
702671118226825216,535,2099
702598099714314240,3279,11746
702539513671897089,914,2769
702332542343577600,1472,3041
702321140488925184,1001,3144
702276748847800320,732,2364
702217446468493312,1281,4593
701981390485725185,936,3302
701952816642965504,979,3687
701889187134500865,1322,3396
701805642395348998,1591,3272
701601587219795968,434,2018
701570477911896070,884,2707
701545186879471618,581,2561
701214700881756160,4847,11711
700890391244103680,538,2130
700864154249383937,598,2492
700847567345688576,476,2356
700796979434098688,893,2341
700747788515020802,8827,21852
700518061187723268,759,2505
700505138482569216,547,2194
700462010979500032,1695,3955
700167517596164096,698,2530
700151421916807169,643,2157
700143752053182464,2582,7210
700062718104104960,651,2536
700029284593901568,555,1992
700002074055016451,1273,3172
699801817392291840,902,2910
699788877217865730,488,2144
699779630832685056,1178,2615
699775878809702401,577,1883
699691744225525762,4375,9853
699446877801091073,2501,5716
699434518667751424,493,2093
699423671849451520,306,1305
699413908797464576,595,2001
699370870310113280,416,1823
699323444782047232,825,3023
699088579889332224,593,2162
699079609774645248,616,2349
699072405256409088,1133,2839
699060279947165696,1715,3583
699036661657767936,1148,2505
698989035503689728,927,3202
698953797952008193,871,2571
698907974262222848,592,2427
698710712454139905,650,2371
698703483621523456,356,1390
698635131305795584,328,1247
698549713696649216,595,2227
698355670425473025,426,1770
698342080612007937,919,2170
698262614669991936,1897,4579
698195409219559425,5676,16079
698178924120031232,706,2705
697995514407682048,321,1458
697990423684476929,1225,3144
697943111201378304,645,2295
697881462549430272,1107,2892
697630435728322560,522,1672
697616773278015490,964,3011
697596423848730625,1202,2886
697575480820686848,481,1959
697516214579523584,1058,1962
697482927769255936,636,2329
697463031882764288,1338,3285
697270446429966336,1795,4520
697259378236399616,954,3161
697255105972801536,1104,2943
697242256848379904,640,2433
696900204696625153,979,3044
696894894812565505,648,2243
696886256886657024,1708,4651
696877980375769088,681,2348
696754882863349760,345,1423
696744641916489729,887,1985
696713835009417216,617,2272
696518437233913856,1644,3761
696490539101908992,135,1162
696488710901260288,975,2409
696405997980676096,1105,3075
696100768806522880,620,1852
695816827381944320,1097,2893
695794761660297217,736,3041
695767669421768709,702,1785
695629776980148225,1994,4376
695446424020918272,1736,4238
695409464418041856,3418,8322
695314793360662529,1380,3476
695095422348574720,587,2541
695074328191332352,1047,2714
695064344191721472,562,1539
695051054296211456,759,2549
694925794720792577,873,2591
694905863685980160,888,2634
694669722378485760,13652,34341
694356675654983680,273,1442
694352839993344000,580,1955
694342028726001664,463,1521
694329668942569472,480,1917
694206574471057408,1947,3995
694183373896572928,886,2825
694001791655137281,975,3267
693993230313091072,383,1807
693942351086120961,351,1678
693647888581312512,556,2583
693644216740769793,118,1300
693642232151285760,396,2443
693629975228977152,756,2349
693622659251335168,356,1470
693590843962331137,1860,4843
693582294167244802,236,1581
693486665285931008,600,1693
693280720173801472,1185,3211
693267061318012928,774,2280
693262851218264065,472,2119
693231807727280129,710,2761
693155686491000832,3049,7561
693109034023534592,580,1639
693095443459342336,432,1788
692919143163629568,725,2579
692905862751522816,833,2335
692901601640583168,573,1688
692894228850999298,756,2169
692828166163931137,851,2759
692752401762250755,3479,6539
692568918515392513,1469,4191
692535307825213440,1295,3023
692530551048294401,392,1764
692423280028966913,212,1414
692417313023332352,3292,8985
692187005137076224,781,2433
692158366030913536,753,2060
692142790915014657,371,1577
692041934689402880,1203,3261
692017291282812928,904,2773
691820333922455552,1571,3806
691793053716221953,4030,7808
691756958957883396,939,2722
691675652215414786,483,1875
691483041324204033,532,2296
691459709405118465,1081,3880
691444869282295808,805,2530
691416866452082688,7272,18562
691321916024623104,629,2476
691096613310316544,840,2856
691090071332753408,320,1661
690989312272396288,2731,5664
690959652130045952,1184,3432
690938899477221376,1857,3929
690932576555528194,967,3149
690735892932222976,1211,3632
690728923253055490,492,2086
690690673629138944,781,2234
690649993829576704,262,1248
690607260360429569,16,287
690597161306841088,576,1867
690400367696297985,429,1811
690374419777196032,805,3119
690360449368465409,837,2553
690348396616552449,490,1436
690248561355657216,393,1613
690021994562220032,977,2687
690015576308211712,699,2383
690005060500217858,1606,3520
689999384604450816,350,1357
689993469801164801,428,1401
689977555533848577,428,1315
689905486972461056,659,2357
689877686181715968,1105,2921
689835978131935233,720,2091
689661964914655233,893,3106
689659372465688576,3658,9955
689623661272240129,615,2141
689599056876867584,5244,11187
689557536375177216,433,1973
689517482558820352,1362,3255
689289219123089408,885,2157
689283819090870273,1046,3133
689280876073582592,673,1908
689275259254616065,235,1099
689255633275777024,1032,2459
689154315265683456,947,2966
689143371370250240,479,1944
688916208532455424,821,2609
688908934925697024,730,2024
688898160958271489,743,2010
688894073864884227,652,2152
688828561667567616,348,1328
688804835492233216,181,924
688789766343622656,631,2128
688547210804498433,665,2482
688519176466644993,698,2228
688385280030670848,4255,8889
688211956440801280,790,2159
688179443353796608,559,2051
688116655151435777,737,2713
688064179421470721,345,1662
687841446767013888,2383,5231
687826841265172480,1068,2635
687818504314159109,908,2386
687807801670897665,682,2285
687732144991551489,630,1688
687704180304273409,803,2340
687664829264453632,487,1862
687494652870668288,549,1827
687480748861947905,229,1536
687476254459715584,506,1906
687460506001633280,514,1975
687399393394311168,587,1821
687317306314240000,8729,19342
687312378585812992,1808,4186
687127927494963200,2150,5200
687124485711986689,481,2102
687109925361856513,2341,5582
687102708889812993,920,2252
687096057537363968,577,2146
686947101016735744,3043,8294
686760001961103360,1321,3376
686749460672679938,1379,3340
686730991906516992,1144,3961
686683045143953408,764,2711
686618349602762752,1294,3548
686606069955735556,519,1815
686394059078897668,657,1670
686386521809772549,841,3130
686377065986265092,538,2124
686358356425093120,628,2088
686286779679375361,1598,3863
686050296934563840,694,2136
686035780142297088,111,1102
686034024800862208,1088,2952
686007916130873345,387,2376
686003207160610816,589,1755
685973236358713344,494,2011
685943807276412928,558,1557
685906723014619143,2716,7175
685681090388975616,116,1957
685667379192414208,536,2262
685663452032069632,1389,3085
685641971164143616,728,2797
685547936038666240,14811,31555
685532292383666176,1101,2914
685325112850124800,3763,9042
685321586178670592,596,2536
685315239903100929,991,3149
685307451701334016,416,1997
685268753634967552,1135,2966
685198997565345792,635,2241
685169283572338688,1353,3945
684969860808454144,350,2289
684959798585110529,2972,6530
684940049151070208,988,3070
684926975086034944,444,3347
684914660081053696,1383,3361
684902183876321280,503,1792
684880619965411328,765,2001
684830982659280897,20624,33569
684800227459624960,950,2612
684594889858887680,3330,8522
684588130326986752,1343,3941
684567543613382656,1153,2884
684538444857667585,902,2533
684481074559381504,1121,3723
684460069371654144,530,1892
684241637099323392,3109,7775
684225744407494656,196,1192
684222868335505415,1299,3676
684200372118904832,992,2063
684195085588783105,486,1828
684188786104872960,1102,3356
684177701129875456,628,1939
684147889187209216,1449,2870
684122891630342144,446,1923
684097758874210310,1360,3948
683857920510050305,1067,3659
683852578183077888,330,1869
683849932751646720,906,2502
683834909291606017,1069,2521
683828599284170753,1006,2688
683773439333797890,1280,3209
683742671509258241,3154,6198
683515932363329536,2751,7032
683498322573824003,922,3041
683481228088049664,953,2558
683462770029932544,644,2323
683449695444799489,1526,3709
683391852557561860,2274,7330
683357973142474752,869,2778
683142553609318400,989,2752
683111407806746624,866,3259
683098815881154561,624,2083
683078886620553216,542,1921
683030066213818368,712,2076
682962037429899265,15590,35186
682808988178739200,159,1707
682788441537560576,1060,2379
682750546109968385,414,1453
682697186228989953,345,1260
682662431982772225,1028,2925
682638830361513985,563,1983
682429480204398592,1093,3301
682406705142087680,1668,7246
682393905736888321,630,2148
682389078323662849,446,1600
682303737705140231,929,2940
682259524040966145,1129,3968
682242692827447297,1088,3095
682088079302213632,9331,17437
682059653698686977,1594,4725
682047327939461121,889,3066
682032003584274432,1884,6301
682003177596559360,1438,2987
681981167097122816,983,2693
681891461017812993,777,2367
681694085539872773,3846,12265
681679526984871937,417,1686
681654059175129088,861,2517
681610798867845120,443,1815
681579835668455424,1235,3391
681523177663676416,5455,13655
681340665377193984,258,1576
681339448655802368,3880,8902
681320187870711809,705,2528
681302363064414209,1724,3762
681297372102656000,903,3080
681281657291280384,1045,3093
681261549936340994,251,1399
681242418453299201,501,1424
681231109724700672,464,2311
681193455364796417,1401,3544
680970795137544192,619,2305
680959110691590145,1899,4395
680940246314430465,987,3054
680934982542561280,412,2005
680913438424612864,587,2313
680889648562991104,349,1691
680836378243002368,1253,3310
680805554198020098,634,2060
680801747103793152,776,2280
680798457301471234,981,2722
680609293079592961,660,2512
680583894916304897,1256,3466
680497766108381184,1814,4052
680494726643068929,463,1645
680473011644985345,714,2434
680440374763077632,474,1393
680221482581123072,280,1417
680206703334408192,1106,2707
680191257256136705,476,2062
680176173301628928,1466,3721
680161097740095489,699,2230
680145970311643136,1653,3449
680130881361686529,890,2196
680115823365742593,863,2606
680100725817409536,1301,3441
680085611152338944,8539,12264
680070545539371008,816,2474
679877062409191424,611,1890
679872969355714560,635,2109
679862121895714818,585,2353
679854723806179328,1161,2730
679844490799091713,718,2269
679828447187857408,13256,34550
679777920601223168,1037,2970
679736210798047232,748,1999
679729593985699840,787,2073
679722016581222400,444,1592
679530280114372609,1970,4560
679527802031484928,685,2523
679511351870550016,1196,3216
679503373272485890,1383,3026
679475951516934144,607,2000
679462823135686656,17729,30012
679405845277462528,1133,2260
679158373988876288,7587,20252
679148763231985668,970,2664
679132435750195208,1092,2837
679111216690831360,2446,5668
679062614270468097,7591,16149
679047485189439488,622,2146
679001094530465792,1154,2716
678991772295516161,1090,2165
678969228704284672,430,1562
678800283649069056,854,2446
678798276842360832,1092,3288
678774928607469569,854,2677
678767140346941444,1281,3347
678764513869611008,442,1550
678755239630127104,3083,6735
678740035362037760,1566,3557
678708137298427904,2290,5324
678675843183484930,1377,2707
678643457146150913,379,1955
678446151570427904,1446,3811
678424312106393600,2397,5187
678410210315247616,1696,3988
678399652199309312,29930,76222
678396796259975168,395,1512
678389028614488064,395,1769
678380236862578688,848,2308
678341075375947776,504,1639
678334497360859136,235,1229
678278586130948096,5749,10849
678255464182861824,346,1511
678023323247357953,353,1810
678021115718029313,5921,12891
677961670166224897,1588,3249
677918531514703872,383,1263
677895101218201600,1942,4568
677716515794329600,920,2889
677700003327029250,1353,3213
677698403548192770,302,1166
677687604918272002,795,2361
677673981332312066,1409,3154
677662372920729601,888,1840
677644091929329666,761,1766
677573743309385728,651,2022
677565715327688705,431,1238
677557565589463040,1083,2321
677547928504967168,3453,6544
677530072887205888,216,1006
677335745548390400,1637,2879
677334615166730240,268,1274
677331501395156992,221,1032
677328882937298944,1416,3458
677314812125323265,503,1562
677301033169788928,376,1164
677269281705472000,665,1863
677228873407442944,1536,3357
677187300187611136,853,2578
676975532580409345,1003,2620
676957860086095872,761,2114
676949632774234114,369,1239
676948236477857792,808,2037
676946864479084545,343,1639
676942428000112642,702,1957
676936541936185344,4645,12050
676916996760600576,1703,2807
676897532954456065,684,2131
676864501615042560,657,1976
676821958043033607,14482,21592
676819651066732545,619,1722
676811746707918848,403,1352
676776431406465024,1895,4715
676617503762681856,894,2715
676613908052996102,185,1026
676606785097199616,406,1796
676603393314578432,358,1095
676593408224403456,2010,4308
676590572941893632,115,871
676588346097852417,733,2175
676582956622721024,254,1119
676575501977128964,1047,2424
676533798876651520,518,1768
676496375194980353,500,1437
676470639084101634,4379,10979
676440007570247681,619,1621
676430933382295552,317,1320
676263575653122048,507,1969
676237365392908289,263,1137
676219687039057920,28961,72186
676215927814406144,535,1631
676191832485810177,961,2134
676146341966438401,620,1812
676121918416756736,1083,2041
676101918813499392,1093,2665
676098748976615425,1311,2809
676089483918516224,408,1231
675898130735476737,529,1514
675891555769696257,793,1999
675888385639251968,886,2225
675878199931371520,1307,3923
675870721063669760,527,1534
675853064436391936,1193,2527
675849018447167488,133,892
675845657354215424,813,2131
675822767435051008,504,1430
675820929667219457,223,983
675798442703122432,3190,9652
675781562965868544,436,1514
675740360753160193,316,1104
675710890956750848,760,1762
675707330206547968,637,1855
675706639471788032,87,609
675534494439489536,382,1730
675531475945709568,356,1112
675522403582218240,265,974
675517828909424640,433,1214
675501075957489664,5448,16131
675497103322386432,1202,2939
675489971617296384,553,1206
675483430902214656,898,1725
675432746517426176,530,1416
675372240448454658,485,1578
675362609739206656,210,988
675354435921575936,15538,30486
675349384339542016,2107,3686
675334060156301312,1197,2588
675166823650848770,1460,3314
675153376133427200,2384,5845
675149409102012420,1577,3484
675147105808306176,215,878
675146535592706048,271,1103
675145476954566656,829,1996
675135153782571009,438,1217
675113801096802304,728,1816
675111688094527488,229,896
675109292475830276,1043,2616
675047298674663426,295,988
675015141583413248,1096,2529
675006312288268288,208,909
675003128568291329,429,1456
674999807681908736,1019,2088
674805413498527744,330,799
674800520222154752,791,2809
674793399141146624,1006,2334
674790488185167872,229,1028
674788554665512960,194,751
674781762103414784,1104,1870
674774481756377088,433,1029
674767892831932416,721,1690
674764817387900928,213,736
674754018082705410,402,1268
674752233200820224,423,1360
674743008475090944,501,1302
674742531037511680,47,446
674739953134403584,354,1015
674737130913071104,81,604
674690135443775488,437,1066
674670581682434048,598,1505
674664755118911488,223,852
674646392044941312,449,1333
674644256330530816,254,968
674638615994089473,540,1571
674632714662858753,529,1395
674606911342424069,92,869
674468880899788800,1877,5819
674447403907457024,329,991
674436901579923456,360,1034
674422304705744896,495,1333
674416750885273600,126,645
674410619106390016,424,1123
674394782723014656,523,1398
674372068062928900,292,797
674330906434379776,70,530
674318007229923329,475,1313
674307341513269249,6361,10592
674291837063053312,5389,13689
674271431610523648,676,1451
674269164442398721,213,849
674265582246694913,773,1516
674262580978937856,417,1225
674255168825880576,496,1357
674082852460433408,151,713
674075285688614912,262,929
674063288070742018,2003,5936
674053186244734976,1189,3073
674051556661161984,454,1350
674045139690631169,593,1310
674042553264685056,116,667
674038233588723717,390,1029
674036086168010753,189,795
674024893172875264,1128,1653
674019345211760640,283,1054
674014384960745472,590,1454
674008982932058114,323,1120
673956914389192708,880,1822
673919437611909120,342,1093
673906403526995968,1514,2956
673887867907739649,235,876
673716320723169284,693,2882
673715861853720576,1890,3271
673711475735838725,275,970
673709992831262724,246,784
673708611235921920,262,994
673707060090052608,359,1028
673705679337693185,377,1175
673700254269775872,525,1336
673697980713705472,1787,3667
673689733134946305,594,1612
673688752737402881,453,1174
673686845050527744,399,1336
673680198160809984,431,1271
673662677122719744,341,1169
673656262056419329,216,675
673636718965334016,333,1026
673612854080196609,664,1488
673583129559498752,331,1109
673580926094458881,253,774
673576835670777856,516,1281
673363615379013632,278,960
673359818736984064,614,1345
673355879178194945,526,1396
673352124999274496,495,1554
673350198937153538,195,710
673345638550134785,1162,2322
673343217010679808,246,901
673342308415348736,520,1183
673320132811366400,7186,12471
673317986296586240,227,819
673295268553605120,2899,6986
673270968295534593,333,995
673240798075449344,649,1323
673213039743795200,767,2062
673148804208660480,575,1568
672997845381865473,653,1834
672995267319328768,268,880
672988786805112832,266,911
672984142909456390,504,1172
672980819271634944,931,1690
672975131468300288,824,1557
672970152493887488,326,876
672968025906282496,495,1235
672964561327235073,589,1317
672902681409806336,452,1277
672898206762672129,387,840
672884426393653248,774,1428
672877615439593473,324,954
672834301050937345,525,1209
672828477930868736,444,1154
672640509974827008,287,913
672622327801233409,439,1194
672614745925664768,534,1132
672609152938721280,355,1018
672604026190569472,363,1024
672594978741354496,560,1230
672591762242805761,303,882
672591271085670400,174,666
672538107540070400,332,942
672523490734551040,151,580
672488522314567680,396,1034
672482722825261057,545,1039
672481316919734272,119,668
672475084225949696,645,1342
672466075045466113,483,1249
672272411274932228,3077,5964
672267570918129665,564,1370
672264251789176834,307,1048
672256522047614977,1400,2614
672254177670729728,681,1326
672248013293752320,549,1605
672245253877968896,143,627
672239279297454080,297,835
672231046314901505,926,1686
672222792075620352,192,728
672205392827572224,1048,2081
672169685991993344,335,943
672160042234327040,327,811
672139350159835138,634,1611
672125275208069120,1041,2204
672095186491711488,339,921
672082170312290304,336,874
672068090318987265,466,1188
671896809300709376,3832,7884
671891728106971137,517,1212
671882082306625538,1273,3236
671879137494245376,606,1305
671874878652489728,507,1158
671866342182637568,445,1039
671855973984772097,397,831
671789708968640512,3167,6561
671768281401958400,450,1102
671763349865160704,821,1545
671744970634719232,704,1256
671743150407421952,217,698
671735591348891648,689,1332
671729906628341761,3970,7865
671561002136281088,6622,11854
671550332464455680,192,840
671547767500775424,536,1253
671544874165002241,952,1811
671542985629241344,517,1003
671538301157904385,351,859
671536543010570240,370,1089
671533943490011136,529,938
671528761649688577,234,778
671520732782923777,486,1288
671518598289059840,271,874
671511350426865664,641,1472
671504605491109889,3278,6468
671497587707535361,413,857
671488513339211776,439,925
671486386088865792,180,530
671485057807351808,213,704
671390180817915904,683,1329
671362598324076544,270,1028
671357843010908160,143,369
671355857343524864,111,445
671347597085433856,388,880
671186162933985280,190,671
671182547775299584,307,1022
671166507850801152,312,806
671163268581498880,1012,1517
671159727754231808,73,328
671154572044468225,201,655
671151324042559489,139,612
671147085991960577,200,612
671141549288370177,597,1068
671138694582165504,368,850
671134062904504320,174,683
671122204919246848,2292,3210
671115716440031232,711,1261
671109016219725825,397,1059
670995969505435648,265,1014
670842764863651840,7927,22879
670840546554966016,177,540
670838202509447168,628,1021
670833812859932673,113,399
670832455012716544,196,671
670826280409919488,3690,5082
670823764196741120,169,711
670822709593571328,88,559
670815497391357952,1395,2919
670811965569282048,243,1039
670807719151067136,446,1080
670804601705242624,872,1817
670803562457407488,82,315
670797304698376195,212,684
670792680469889025,249,767
670789397210615808,218,611
670786190031921152,183,555
670783437142401025,350,768
670782429121134593,701,1422
670780561024270336,265,729
670778058496974848,67,309
670764103623966721,387,1005
670755717859713024,96,403
670733412878163972,466,890
670727704916926465,327,772
670717338665226240,439,1102
670704688707301377,340,724
670691627984359425,220,542
670679630144274432,256,691
670676092097810432,37,226
670668383499735048,4545,9870
670474236058800128,676,1396
670468609693655041,80,331
670465786746662913,500,900
670452855871037440,188,507
670449342516494336,592,1116
670444955656130560,1806,6263
670442337873600512,184,596
670435821946826752,467,978
670434127938719744,589,1311
670433248821026816,103,305
670428280563085312,559,1287
670427002554466305,146,483
670421925039075328,579,1210
670420569653809152,286,570
670417414769758208,299,528
670411370698022913,815,1868
670408998013820928,200,509
670403879788544000,139,394
670385711116361728,190,519
670374371102445568,248,693
670361874861563904,60,303
670338931251150849,101,397
670319130621435904,1114,3609
670303360680108032,119,404
670290420111441920,261,644
670093938074779648,300,948
670086499208155136,229,645
670079681849372674,1112,2043
670073503555706880,714,1443
670069087419133954,217,574
670061506722140161,301,695
670055038660800512,295,613
670046952931721218,159,596
670040295598354432,103,695
670037189829525505,252,545
670003130994700288,84,308
669993076832759809,75,299
669972011175813120,140,411
669970042633789440,50,281
669942763794931712,144,463
669926384437997569,88,349
669923323644657664,53,213
669753178989142016,366,735
669749430875258880,60,238
669684865554620416,80,469
669683899023405056,100,349
669682095984410625,124,326
669680153564442624,263,614
669661792646373376,388,747
669625907762618368,1647,3255
669603084620980224,333,885
669597912108789760,139,472
669583744538451968,848,1377
669573570759163904,127,402
669571471778410496,923,1466
669567591774625800,48,216
669564461267722241,109,361
669393256313184256,66,328
669375718304980992,656,1218
669371483794317312,161,451
669367896104181761,138,422
669363888236994561,208,579
669359674819481600,110,344
669354382627049472,1162,2495
669353438988365824,239,582
669351434509529089,166,399
669328503091937280,381,939
669327207240699904,112,531
669324657376567296,192,456
669216679721873412,366,1099
669214165781868544,144,402
669203728096960512,425,928
669037058363662336,284,603
669015743032369152,340,680
669006782128353280,221,534
669000397445533696,5779,19338
668994913074286592,204,404
668992363537309700,311,683
668989615043424256,303,623
668988183816871936,419,836
668986018524233728,149,510
668981893510119424,275,501
668979806671884288,316,735
668975677807423489,527,1203
668967877119254528,21,133
668960084974809088,223,649
668955713004314625,65,254
668932921458302977,53,236
668902994700836864,91,295
668892474547511297,135,370
668872652652679168,277,490
668852170888998912,147,419
668826086256599040,122,395
668815180734689280,236,515
668779399630725120,341,660
668655139528511488,201,487
668645506898350081,477,808
668643542311546881,470,807
668641109086707712,492,982
668636665813057536,451,957
668633411083464705,1451,2577
668631377374486528,292,655
668627278264475648,100,290
668625577880875008,117,351
668623201287675904,684,1302
668620235289837568,36,184
668614819948453888,290,572
668587383441514497,973,1546
668567822092664832,49,219
668544745690562560,208,473
668542336805281792,192,420
668537837512433665,63,235
668528771708952576,202,429
668507509523615744,94,301
668496999348633600,120,379
668484198282485761,214,388
668480044826800133,131,419
668466899341221888,464,810
668297328638447616,271,578
668291999406125056,29,225
668286279830867968,125,465
668274247790391296,211,759
668268907921326080,212,508
668256321989451776,543,1196
668248472370458624,427,877
668237644992782336,2565,5683
668226093875376128,91,268
668221241640230912,179,473
668204964695683073,181,516
668190681446379520,182,599
668171859951755264,171,445
668154635664932864,285,462
668142349051129856,256,533
668113020489474048,216,618
667937095915278337,725,1151
667924896115245057,98,275
667915453470232577,51,196
667911425562669056,263,449
667902449697558528,349,795
667886921285246976,973,1721
667885044254572545,425,765
667878741721415682,106,367
667873844930215936,369,577
667866724293877760,938,2805
667861340749471744,74,227
667832474953625600,57,267
667806454573760512,447,972
667801013445750784,84,295
667793409583771648,304,639
667782464991965184,225,377
667773195014021121,47,213
667766675769573376,199,394
667728196545200128,138,343
667724302356258817,286,441
667550904950915073,30,0
667550882905632768,26,0
667549055577362432,2046,5304
667546741521195010,115,313
667544320556335104,482,787
667538891197542400,59,187
667534815156183040,479,747
667530908589760512,218,430
667524857454854144,1019,1561
667517642048163840,176,340
667509364010450944,1935,6287
667502640335572993,201,501
667495797102141441,242,478
667491009379606528,205,479
667470559035432960,88,231
667455448082227200,56,178
667453023279554560,80,291
667443425659232256,525,711
667437278097252352,213,411
667435689202614272,79,283
667405339315146752,203,431
667393430834667520,51,178
667369227918143488,151,336
667211855547486208,220,445
667200525029539841,238,569
667192066997374976,88,350
667188689915760640,355,672
667182792070062081,5543,13088
667177989038297088,50,175
667176164155375616,414,553
667174963120574464,71,226
667171260800061440,74,200
667165590075940865,1023,2468
667160273090932737,55,232
667152164079423490,15239,43815
667138269671505920,1970,4178
667119796878725120,118,303
667090893657276420,112,303
667073648344346624,106,368
667070482143944705,13,75
667065535570550784,40,153
667062181243039745,47,201
667044094246576128,44,172
667012601033924608,197,413
666996132027977728,80,222
666983947667116034,880,2329
666837028449972224,494,738
666835007768551424,71,190
666826780179869698,81,233
666817836334096384,227,465
666804364988780544,82,212
666786068205871104,433,683
666781792255496192,173,348
666776908487630848,152,316
666739327293083650,60,214
666701168228331520,194,388
666691418707132416,44,168
666649482315059201,563,1017
666644823164719104,73,215
666454714377183233,191,464
666447344410484738,18,94
666437273139982337,42,110
666435652385423360,45,146
666430724426358785,172,287
666428276349472768,70,147
666421158376562688,95,289
666418789513326592,39,110
666411507551481857,283,390
666407126856765440,31,98
666396247373291520,72,151
666373753744588802,75,167
666362758909284353,494,685
666353288456101888,63,190
666345417576210432,128,263
666337882303524864,80,174
666293911632134144,305,447
666287406224695296,57,131
666273097616637952,69,156
666268910803644416,32,92
666104133288665088,5718,13104
666102155909144576,11,69
666099513787052032,56,139
666094000022159362,65,152
666082916733198337,41,100
666073100786774016,140,279
666071193221509120,52,134
666063827256086533,187,427
666058600524156928,49,103
666057090499244032,117,262
666055525042405380,209,393
666051853826850816,739,1080
666050758794694657,51,119
666049248165822465,38,93
666044226329800704,122,258
666033412701032449,39,106
666029285002620928,41,117
666020888022790149,443,2338
